09 41 42 46 47 54
02 07 09 25 41 49
01 05 12 13 17 31
15 17 20 35 37 43
11 25 32 37 47 56
01 13 27 41 51 58
13 19 29 42 49 52
18 30 32 35 40 48
14 20 21 31 49 52
02 06 11 15 17 39
13 26 31 46 51 60
08 10 51 56 57 58
10 14 15 24 34 44
09 14 22 24 44 47
21 38 50 53 56 59
28 34 40 41 52 55
10 19 46 47 49 50
15 40 44 45 47 51
15 24 33 49 53 59
16 17 18 28 35 47
08 11 16 21 32 37
03 16 23 41 45 57
11 16 31 37 42 51
02 07 24 43 52 56
03 08 23 29 53 54
02 03 13 20 53 54
01 10 19 34 35 45
22 35 41 42 53 57
05 28 30 38 52 55
08 33 40 42 48 51
08 23 29 30 36 55
05 13 18 23 35 36
15 18 28 42 55 60
22 30 38 39 49 56
01 40 44 45 58 60
02 07 32 46 49 55
20 33 37 38 49 50
02 17 23 28 39 46
10 15 17 20 21 35
04 06 09 31 50 56
01 08 21 27 36 37
01 32 35 44 45 57
20 34 38 40 49 54
11 14 36 41 54 59
05 12 32 38 47 60
08 09 17 19 33 56
23 36 42 48 54 58
17 31 34 40 56 57
03 10 13 25 41 42
11 16 17 41 46 59
22 29 38 43 48 53
10 30 31 33 42 52
04 09 37 43 44 56
01 04 10 22 53 54
08 12 14 30 33 41
07 26 31 38 46 58
05 14 23 46 48 52
09 12 26 29 46 47
11 19 38 47 56 59
05 16 25 32 39 55
11 27 32 40 58 59
16 20 21 39 44 55
03 14 16 38 43 45
14 33 41 42 44 55
03 05 19 26 43 51
21 22 29 34 40 44
04 06 12 34 35 53
41 45 48 51 53 58
08 37 39 50 59 60
08 13 25 32 44 57
04 10 15 39 41 49
07 10 34 47 49 52
13 19 21 35 46 50
05 15 24 34 45 52
03 12 19 41 45 54
08 17 49 51 52 53
01 05 06 16 22 39
03 22 23 44 53 60
03 08 20 36 38 57
02 17 22 41 58 60
23 28 33 38 55 59
04 05 25 32 39 40
01 10 27 36 37 45
03 20 22 37 41 43
04 13 21 26 47 51
02 16 24 38 43 59
08 19 29 38 48 56
04 15 22 53 56 60
03 05 32 56 57 59
14 17 18 28 30 44
01 05 18 49 55 56
10 14 17 18 23 30
17 18 20 37 45 53
28 36 39 44 56 60
01 03 24 37 51 56
09 22 27 30 33 45
12 24 26 31 37 48
06 15 19 20 33 52
01 23 32 33 36 59
02 08 28 34 41 49
10 28 45 47 57 59
12 20 22 25 26 55
02 05 27 30 46 53
25 38 45 53 55 56
20 23 32 36 39 57
03 23 28 34 38 48
10 25 31 37 38 57
09 15 23 25 29 30
01 06 10 30 33 35
04 05 10 34 58 59
01 25 29 43 46 48
05 24 25 33 38 41
13 15 53 54 55 58
19 25 43 44 48 49
03 20 45 52 53 58
02 06 10 14 34 56
03 13 16 25 27 33
02 10 18 25 34 44
09 12 20 30 32 35
04 05 17 20 48 52
19 22 37 44 51 56
06 12 32 44 51 57
05 09 14 30 38 50
07 08 14 19 32 45
09 13 25 39 46 54
11 23 45 53 57 59
10 11 19 33 58 60
16 22 29 35 38 49
06 07 25 28 31 52
08 18 26 27 47 50
09 18 33 38 41 51
03 07 15 22 24 50
06 26 32 35 37 49
12 17 43 44 48 60
04 12 14 41 46 53
29 32 33 35 38 43
12 18 22 31 44 50
37 39 47 50 59 60
05 10 26 35 38 44
03 04 13 29 36 43
14 17 32 36 39 60
10 14 17 19 21 34
02 20 27 30 52 59
01 05 12 36 53 55
14 26 34 36 43 59
10 18 41 49 53 59
05 10 11 22 23 37
09 13 22 31 57 58
01 15 16 25 32 36
02 12 28 36 43 48
10 11 21 23 28 30
15 17 28 34 35 51
10 14 17 25 32 39
07 26 32 35 49 55
01 13 34 39 50 52
34 35 39 47 51 56
14 26 34 54 56 58
07 14 24 53 58 60
23 28 34 43 47 60
04 18 37 38 46 60
03 08 34 40 44 55
11 14 16 30 32 46